# Az [deg],El [deg],UTC [s],Lat [deg],Lon [deg],X [px],Y [px],Flux [],Flux Radius [px],Metric
62.23640623768031,26.02836455392979,1578336065.0,-77.06102738604362 deg,157.34709159375439 deg,-275.42069658455057,489.0953274392658,574050.560258484,16,6136.431772905615
62.16365065120659,26.200509834282478,1578336090.0,-77.0619810789863 deg,157.33813469202693 deg,-284.0977652776213,405.1386273266761,612978.484154649,16,6084.588922275641
62.08778089700895,26.45191620654627,1578336115.0,-77.0629424832799 deg,157.32929983080962 deg,-289.03185513828635,278.24081935959316,662894.9764367834,17,6293.67777133068
62.022666243238916,26.637217890106037,1578336141.0,-77.0639112636483 deg,157.32055649997494 deg,-301.50726157281673,187.0061857893338,688460.6659862646,18,6375.975419291557
61.951860377885055,26.815363042944128,1578336166.0,-77.06489546671851 deg,157.31188961209716 deg,-311.4695637934198,99.78285995326053,598379.8542274543,20,3224.637618810786
61.86744814431944,26.98547852058225,1578336191.0,-77.0658949248525 deg,157.30320730151755 deg,-314.8771769677443,17.199678872837126,648812.0312368731,20,3587.957319987843
61.71119918593325,27.33779731636194,1578336242.0,-77.06797011643933 deg,157.2854918138916 deg,-327.4248308393211,-154.89662798045907,754424.4978717645,20,5112.923213002874
61.608702845920696,27.366311777349992,1578336268.0,-77.06900008470086 deg,157.27677899318448 deg,-326.3666928240728,-160.21508786029602,746343.7917799522,20,5134.9801212975235
61.53133831336841,27.380093889403103,1578336293.0,-77.07002250924954 deg,157.2680510850516 deg,-337.82486608712094,-158.17520347556052,736932.7961566098,21,4942.163344109196
61.441026562649384,27.423987689434046,1578336318.0,-77.07104476616014 deg,157.259368774472 deg,-341.8514057842197,-172.22061084228415,713319.8143236036,19,5134.224226348364
61.34898592309743,27.456859271892792,1578336344.0,-77.07206719070882 deg,157.25071697401992 deg,-345.3964076732617,-180.25025615048816,657820.4772877989,19,5138.3966069849685
61.264581312461075,27.495359306986888,1578336369.0,-77.07308944761944 deg,157.24215687158852 deg,-352.6425423606223,-191.50659263325792,739746.6320070716,20,5147.713406277631
61.17507394549089,27.53190811362602,1578336394.0,-77.0741041608172 deg,157.23368829953975 deg,-357.66408033682194,-201.56083283657426,745885.7702061189,20,5205.571090296198
61.08658622069685,27.554466455889404,1578336420.0,-77.07515709549341 deg,157.22496022376885 deg,-363.46381321879863,-204.09253239883668,722260.0009560116,20,5038.896698165341
60.995508891143515,27.590352913669076,1578336445.0,-77.0761565536274 deg,157.21670522261283 deg,-367.85590929755296,-213.7540503475273,736540.4986806499,20,5464.69799472259
60.91273418656354,27.624914825559657,1578336471.0,-77.07714830041049 deg,157.20852649677568 deg,-376.2600963055701,-222.91678840665782,662285.9533135783,20,3791.260856681034
60.831436510227036,27.662097569260894,1578336496.0,-77.07811724841693 deg,157.20043930132113 deg,-385.41513643514384,-233.52612050281056,674801.6027202122,20,3900.809276912025
60.74284524525282,27.705204461983495,1578336522.0,-77.07907865271054 deg,157.19241329375973 deg,-390.8487974587821,-247.18777665322,698339.6460647392,20,4526.203397850353
60.65920092576098,27.732662219262096,1578336547.0,-77.08002463430229 deg,157.18443288375155 deg,-398.94013434293964,-252.5160634776861,659790.7915450953,19,3955.884391578249
60.57440146607639,27.77012396441278,1578336572.0,-77.08100883737252 deg,157.17619313765934 deg,-406.1144323101836,-263.28154874941583,697430.4642490032,20,4516.501842257958
58.25734762149372,27.82973596700779,1578336584.0,-77.08164200633799 deg,157.17123406846784 deg,688.9190511432435,-235.31022125148263,586258.9341014571,15,4744.999633896994
60.485437325418964,27.806561018979554,1578336598.0,-77.0820005841556 deg,157.1679991567584 deg,-411.6604123180616,-273.3496290400138,685078.56929708,20,4602.344038737843
58.17171695009763,27.8626596323701,1578336610.0,-77.0825881555678 deg,157.16340620909736 deg,681.3692954652524,-243.5371827385285,621212.248516247,18,4659.515924099249
60.39675409327073,27.836404417135626,1578336623.0,-77.08290851190696 deg,157.1605223314927 deg,-417.66126247193637,-279.81355988704127,635763.0447647283,20,3861.7406160201153
58.08283129209566,27.899763954481962,1578336635.0,-77.08354184851049 deg,157.1556547926838 deg,675.5650926239066,-253.9780760511528,621062.1557049893,19,4087.162133206233
60.30823740465415,27.87623866520733,1578336648.0,-77.08386220484965 deg,157.15278617014292 deg,-423.4161019591915,-291.7374717498618,637111.612143568,20,3870.9646082007075
57.973057952337136,27.928754771183087,1578336661.0,-77.08448011875134 deg,157.14801016171666 deg,679.3390119674768,-259.4742048861123,659434.9232758607,18,6879.96116959549
60.218354158824035,27.897007757099935,1578336674.0,-77.08480064272857 deg,157.14518730436706 deg,-429.22183545092173,-293.26635976077887,639163.4373342176,19,3878.718488892573
57.89392915508861,27.956430709887968,1578336686.0,-77.08543381169403 deg,157.14047231619585 deg,668.4069111644123,-265.04167177891344,648633.4923346306,19,4790.0296453636165
60.123219405451195,27.91031217502729,1578336699.0,-77.08582289963917 deg,157.13711536397628 deg,-432.61374894854623,-290.67254485113443,655843.374397659,20,4080.98923933466
57.788876791014964,27.964462683795706,1578336712.0,-77.0864104710514 deg,157.13276666497362 deg,668.9686993619853,-259.26929471118905,588603.950213445,19,4085.1802449436345
60.049400794948426,27.919971573152203,1578336725.0,-77.0867232836777 deg,157.1300658481342 deg,-447.2668168198495,-286.45825061743903,636168.6812555233,19,3852.4672855879744
57.74692141659693,27.96422991363389,1578336737.0,-77.08733365386654 deg,157.1255034106007 deg,639.0323474019533,-250.57413217492848,656345.9958443838,19,4755.4106957338645
59.97823699406011,27.92135742636621,1578336750.0,-77.0876540102057 deg,157.12284835895255 deg,-462.8065892526905,-277.94189274691615,634176.5976458869,19,3878.9566568578684
59.946191472326426,27.925568532136875,1578336753.0,-77.0876540102057 deg,157.12284835895255 deg,-453.25059349990363,-278.5023314176782,633289.4244418634,20,3856.194954686118
57.66477018033951,27.967243152855207,1578336763.0,-77.08827192410739 deg,157.1183471093122 deg,628.6040248473582,-242.68355360720363,648602.4940642983,19,4591.775991241158
59.894586926846365,27.924946785745007,1578336776.0,-77.0885847367337 deg,157.1157225677916 deg,-472.260143772588,-270.3310737611877,665529.5021441202,18,4846.4799202862505
57.5723586818414,27.966466651965728,1578336788.0,-77.08920281827345 deg,157.11129742583205 deg,623.0465172596082,-232.50343129101543,627322.9192915555,19,4213.113269507074
59.797852718077024,27.92308896632074,1578336801.0,-77.08955368474014 deg,157.10839829316362 deg,-475.4474007684821,-259.49020916018287,600550.6584445462,19,3828.445430620026
57.46874539026762,27.967947612689564,1578336813.0,-77.09017930999275 deg,157.10403433909718 deg,622.8402093253374,-223.28682257929012,618742.3027119255,19,4074.671052995138
57.34218842579143,27.971908085681203,1578336839.0,-77.09108723774412 deg,157.09739670997686 deg,633.6552003390127,-214.8329936353786,662209.5954920978,19,4772.785820761494
59.56691066506376,27.925875770316996,1578336852.0,-77.09140005037042 deg,157.09481793364756 deg,-464.37326393001524,-240.3141799909709,627423.4030863162,19,3829.794080874226
57.24148478120451,27.969247071559753,1578336864.0,-77.09206372946343 deg,157.09025566375215 deg,632.0512421413705,-203.4889521150822,531081.2216670815,19,3803.4723647491155
59.47002454553909,27.92542551097402,1578336877.0,-77.0923460319622 deg,157.0879667336345 deg,-467.6323129689158,-230.24153222975457,589747.8033135773,19,3636.686892821617
57.14191640318283,27.96525143371499,1578336890.0,-77.09300216734235 deg,157.0834349738666 deg,629.6187224977959,-191.4131712111818,597280.9112649186,18,4019.7043393567637
59.37745308456176,27.924867938815346,1578336903.0,-77.0933912552875 deg,157.08035261279485 deg,-472.7049453142197,-220.30425119610027,590410.7409095953,20,3733.0851859526974
57.04356821292738,27.96503824209149,1578336915.0,-77.09392535015749 deg,157.0766905592999 deg,626.8188913140148,-181.4466414835506,614267.4060759272,19,3981.609937278956
59.28132256234448,27.92899056425378,1578336928.0,-77.09423061907094 deg,157.07417280322568 deg,-476.7464163820329,-212.6405559096558,619707.0171881933,20,3822.5923484471714
56.94415999840422,27.963884966663937,1578336940.0,-77.09482556655794 deg,157.06999190992448 deg,624.1993663718849,-170.90466203112476,602743.1771448097,19,4010.432756548409
59.18249827094197,27.934666927584914,1578336954.0,-77.09512312412048 deg,157.06750483161588 deg,-479.3564556111912,-205.80039282155548,620188.3614555722,19,3940.5103572612734
56.85619119953722,27.969802463953688,1578336966.0,-77.0957106955327 deg,157.06333919337845 deg,616.3435637178927,-164.49839975166174,516661.30266978865,19,3994.1011197225907
59.09115649463341,27.936054608460463,1578336979.0,-77.09600054174432 deg,157.06086720249556 deg,-485.34875406817764,-196.87830076702437,636859.9452199386,19,4034.821801779399
56.763873874421044,27.97571593308371,1578336991.0,-77.0966033682203 deg,157.05647273830158 deg,610.863556737457,-158.0444428024523,623495.9989493511,20,4018.045244114721
58.9978458998034,27.941880619024964,1578337004.0,-77.09688550308101 deg,157.05400074741868 deg,-490.1021321873875,-190.35886079188055,645678.740978667,19,4312.938004255084
58.905098382403445,27.94325330761357,1578337030.0,-77.09773241057731 deg,157.0473936284259 deg,-495.58141304058324,-181.38829809753048,624218.9201239211,19,3817.915274784482
56.575589046269926,27.979857702787726,1578337042.0,-77.09832752570237 deg,157.04299916423193 deg,601.2741122474822,-140.87573315362943,660722.4477826583,19,4682.823962477896
58.81770489800894,27.94479891487297,1578337055.0,-77.09857160672269 deg,157.0407866770712 deg,-503.741812174604,-172.63705055762188,580653.72736171,18,3552.9444677000447
56.48108798075695,27.979640395694634,1578337067.0,-77.09913621172021 deg,157.0366515489613 deg,596.1173599446117,-130.97368158155024,655663.9106501454,19,4568.501858145446
58.718063682426035,27.936761198796464,1578337081.0,-77.09941851421898 deg,157.0341795580784 deg,-506.4188912177135,-158.38431770794836,647314.3186671097,19,4450.463958885941
56.38573358696616,27.975038056253375,1578337093.0,-77.0999831192165 deg,157.03007494009606 deg,591.3004316131858,-118.70734154153917,622607.1939033475,19,3931.147528459329
58.62814861379881,27.936923096441156,1578337106.0,-77.10026542171528 deg,157.027618371915 deg,-513.2376653909187,-148.8787066493731,602861.2956917264,19,3671.633314682802
56.2885351285625,27.973070980437033,1578337118.0,-77.10083757042565 deg,157.02355951912395 deg,587.5921452794819,-107.8657677931015,545666.3101306924,18,3866.7016322667987
58.52551338978925,27.93716906455244,1578337132.0,-77.10111987292443 deg,157.02113329343237 deg,-514.289790324073,-139.0724087620216,634987.6473509347,19,4377.283472176172
56.195160052874506,27.972274107082143,1578337144.0,-77.10168447792196 deg,157.01715071596016 deg,581.895054579842,-97.73661690770467,619631.5684571161,19,3866.2168234692745
58.43144615396903,27.930927156702953,1578337157.0,-77.10196678042072 deg,157.01475516803418 deg,-519.5079302453493,-125.98821935939532,589288.8549865976,18,3928.326326950708
56.102742405850165,27.97207808836388,1578337169.0,-77.10256943925864 deg,157.01060478486053 deg,575.8588277353654,-88.0001442286495,622463.0986944605,19,3868.805746435677
58.3333577801372,27.934943070272222,1578337182.0,-77.10284419804456 deg,157.00828534461533 deg,-522.4143074674009,-118.41026089213841,602375.4236267672,18,3876.616249447392
55.99809422697,27.979547356446837,1578337195.0,-77.10339338034025 deg,157.00448599554642 deg,575.6629837680293,-82.0808874656642,653873.7974407338,19,4538.659716926393
58.23614457971914,27.943492236272533,1578337208.0,-77.10366813912617 deg,157.0022124881306 deg,-526.2412306839615,-113.21461699203343,570667.1601044433,19,3640.362667164014
55.89831519789226,27.991636493433777,1578337220.0,-77.10417926758147 deg,156.998718072699 deg,572.9415158241536,-78.74135012923165,633594.7727370696,20,3835.8041217672417
58.13087192639875,27.950813128638618,1578337233.0,-77.104476825144 deg,156.9962309943904 deg,-526.006099581455,-107.20085053843349,585751.6286140578,19,3647.9893180813433
55.795618914073984,27.99857872808702,1578337246.0,-77.10501846372685 deg,156.99256894089544 deg,571.673281338697,-72.6013745588312,577080.1195402299,20,3821.0582670203366
58.03519330548483,27.960269700612827,1578337259.0,-77.10528551116185 deg,156.9903257759691 deg,-530.5877871601874,-102.5538869508485,573245.179465078,18,3660.934808797525
55.70459247448777,28.00124324757772,1578337271.0,-77.10582731738276 deg,156.98664846741033 deg,564.6220358942919,-64.42111961573056,645175.2461745671,20,3932.5651545921755
57.94558759763602,27.962287857815344,1578337284.0,-77.1061019085306 deg,156.98440547012206 deg,-538.1125076259916,-94.06473787356197,571866.203771553,19,3687.5669989224134
55.61413921667182,28.006448845746554,1578337297.0,-77.10692584961222 deg,156.97840872131812 deg,558.510067873133,-57.91788070964719,678338.222196896,20,4465.915839135721
57.848122850217074,27.963701259851845,1578337310.0,-77.10692584961222 deg,156.97840872131812 deg,-541.8600458484136,-85.07704359984751,569237.2366047744,18,3666.0057250221034
55.52467255053179,28.005606849497184,1578337322.0,-77.1077650457576 deg,156.97232044213155 deg,550.8494430621167,-47.949313458630286,697996.3982592855,19,4871.0352868037135
57.740513771802945,27.958189156150876,1578337335.0,-77.1077650457576 deg,156.97232044213155 deg,-540.9846388191245,-72.09796653821547,562961.9622520189,19,3661.554323469274
55.41155432915111,28.003316050315,1578337347.0,-77.10861966460482 deg,156.96614063256237 deg,554.3539893925358,-36.617533959731816,588458.6474731981,20,3222.9943171142786
57.64615942258416,27.957310199296987,1578337361.0,-77.10861966460482 deg,156.96614063256237 deg,-546.228288611179,-61.99280355497194,574017.7931504215,19,3649.943747236959
55.317618930457,28.00263221765422,1578337373.0,-77.10951216965435 deg,156.9596557217178 deg,548.9072569819218,-26.68425798534605,645784.1448041018,20,3854.5483186892125
57.55325889544868,27.959474809126874,1578337386.0,-77.10951216965435 deg,156.9596557217178 deg,-551.8196807206137,-53.64215958608247,558608.7747996799,18,3584.1221554487183
55.22412515216611,28.003557259300123,1578337398.0,-77.11038204356534 deg,156.95336895906416 deg,543.21448576544,-17.63028149121334,639143.2275751568,20,3855.0009643015037
57.45523469469401,27.95925590603635,1578337412.0,-77.11038204356534 deg,156.95336895906416 deg,-555.1583695683969,-43.86051002750287,547032.7623300712,18,3578.252499171087
55.13002051410432,28.003071201363333,1578337424.0,-77.11126700490203 deg,156.94706710898484 deg,537.8707463784192,-7.830582659526385,670702.7891108523,20,4383.617750469717
57.361584398335545,27.954555298243292,1578337437.0,-77.11126700490203 deg,156.94706710898484 deg,-560.7653592332665,-31.7677598278529,511910.6468418445,18,3092.5554611516363
55.033686394773916,27.99872600454882,1578337449.0,-77.11216722130249 deg,156.94079576903306 deg,533.2030707883441,4.138974315999917,679793.9711745676,19,4534.803295617816
57.26015511453785,27.954694903222364,1578337463.0,-77.11216722130249 deg,156.94079576903306 deg,-562.5428516391403,-22.12682359363032,605145.6073800841,18,4316.526449906056
54.93348168752707,27.987655725902503,1578337475.0,-77.11308286040477 deg,156.9345549392088 deg,530.2967621874191,19.816281271932212,633016.620032051,20,3815.4380173795307
57.16457847894217,27.96049092630108,1578337488.0,-77.11308286040477 deg,156.9345549392088 deg,-566.819724597527,-15.740022407264405,535192.3084935897,18,3585.4286858974356
54.839263155652546,27.993169140785803,1578337500.0,-77.113998331869 deg,156.92840563976716 deg,525.1738460274446,26.307567732827238,632168.6591408311,20,3878.388134808798
57.0664453469165,27.95755506318498,1578337513.0,-77.113998331869 deg,156.92840563976716 deg,-570.1324281583638,-4.566874029382916,565951.7940829478,18,3630.499037770778
54.73810040774228,27.99600386342197,1578337525.0,-77.11490625962038 deg,156.92234787070814 deg,523.236805985357,34.418122452446255,688924.2806670005,20,4566.806944904951
56.96669266803563,27.96281937307187,1578337539.0,-77.11490625962038 deg,156.92234787070814 deg,-572.5472165347342,2.2000851302760793,520252.75600270904,18,3649.8050052497783
54.639215551026425,28.000686918846426,1578337551.0,-77.11583698614838 deg,156.91612229594764 deg,520.2656302187718,41.446223586585006,653521.2040057211,20,3912.8987918600797
56.86907096656779,27.961795751032298,1578337564.0,-77.11583698614838 deg,156.91612229594764 deg,-576.244843707342,12.31564826480394,558971.7559142916,18,3673.7030794098137
54.53192260753633,28.000219472587617,1578337576.0,-77.11673720254883 deg,156.91015605727125 deg,520.8413455027778,51.51762822961075,697326.7280130977,21,4631.9785691589295
56.769705107855074,27.96027010673774,1578337590.0,-77.11732477396104 deg,156.90646349364874 deg,-577.7384790137144,22.332544775007364,564947.9434681693,18,3678.2265901304163
54.43452942310093,28.003893552677816,1578337602.0,-77.11761462017267 deg,156.9041899862329 deg,516.4939308271537,59.137148379721566,656261.1486074252,20,4064.3845932802833
56.67571789440552,27.963716941595482,1578337615.0,-77.11820219158488 deg,156.90048199990855 deg,-583.3755795916353,29.969376998827556,563653.8947115391,18,3677.5967347756414
54.32769612498961,27.996093942237348,1578337627.0,-77.1184920377965 deg,156.89819323742896 deg,516.65937278241,73.14870752129741,608188.0438771023,20,3863.741108532273
56.569545700848714,27.964066930974294,1578337641.0,-77.11906418650689 deg,156.89445490861513 deg,-583.3000057425279,39.57738285565085,563274.0469599642,17,3731.8675211372683
54.238625663338574,27.997390425968632,1578337653.0,-77.1193389452928 deg,156.89216597849747 deg,508.45243729964363,81.80620196566224,621193.7548187423,20,3891.8560482979665
56.4817584274204,27.963833770153922,1578337666.0,-77.11992634906696 deg,156.88815289089774 deg,-591.8191664127561,49.005608871545974,564941.1606915903,18,3857.093466788241
56.38531956303792,27.961550737883705,1578337692.0,-77.12074274643571 deg,156.88209528947678 deg,-596.4404800187848,59.78407763008943,527194.1992360186,18,3689.802090240937
54.05318503260221,28.004150304904805,1578337704.0,-77.12100979387071 deg,156.87979110429535 deg,495.6961397382945,96.99256356239925,643401.1941395908,20,3977.4423988726794
56.293878527271595,27.964804781089867,1578337717.0,-77.12155143245356 deg,156.8760070102902 deg,-603.3542940678922,67.43223846800174,604062.5712809468,17,4628.988210101679
53.957619859087124,28.007753159962615,1578337730.0,-77.12181847988855 deg,156.87370282510878 deg,490.64859373030345,104.52517014369073,650150.1726590097,20,3864.880384477232
56.20056560223795,27.96887607407322,1578337743.0,-77.12235257475854 deg,156.86991873110367 deg,-609.3234440616692,74.66563256582049,533122.6952606948,17,3617.227339605437
53.86939745616483,28.013636862535165,1578337755.0,-77.12261945455548 deg,156.8676147135603 deg,482.0845245294852,110.63868271868682,645742.9914601295,19,3893.6443157327594
56.106432734896934,27.96604123999109,1578337768.0,-77.12317651584016 deg,156.86381519685332 deg,-614.8112366358123,85.60037235299751,543333.4686878338,18,3728.7052905338205
53.77425302284449,28.00451619658799,1578337781.0,-77.123451106988 deg,156.86152643437373 deg,476.543446468492,125.01474661857469,579001.6430488781,19,4120.23469482206
56.0176598450822,27.975542767966903,1578337794.0,-77.12400800063462 deg,156.85772691766675 deg,-622.7880974820044,89.73355131131348,569046.7513718494,18,4461.691806200266
53.67917075999934,28.0171564747965,1578337806.0,-77.12428275942052 deg,156.8554076450596 deg,471.57406896037674,127.5692153186576,636571.1204741377,20,3688.2411637931036
55.91674609049097,27.973517123764267,1578337819.0,-77.12485490813091 deg,156.85160812835267 deg,-625.2355865298306,100.38735298586676,534127.866164481,17,3722.293736875552
53.58140525697484,28.014959039954213,1578337832.0,-77.12513721062967 deg,156.8493041108093 deg,467.2905645658818,138.24087394033847,611272.79515984,20,3649.210551364942
55.82134432168164,27.972928869058514,1578337845.0,-77.12575529216943 deg,156.84529102320957 deg,-630.2126265904701,110.08285648305116,528262.9611661424,17,3637.85767089412
53.47552559436984,28.015575245058784,1578337857.0,-77.12604513838106 deg,156.8429870056662 deg,467.20044583920435,147.51421238134571,618744.9708001764,20,3894.2587982150744
55.71665601904344,27.974477721219557,1578337871.0,-77.12664025350612 deg,156.839202744023 deg,-630.8853861510846,118.86229860575565,523360.9954257833,17,3694.073274480548
53.38430117380209,28.019404886011625,1578337883.0,-77.1269683211962 deg,156.8366392227575 deg,460.0540810237085,154.68693998490642,668382.0521800419,20,3907.329572143015
55.6186809445249,27.97823340516812,1578337896.0,-77.12752521484282 deg,156.8330839547089 deg,-634.5881010623566,126.248090101412,569807.2300508389,18,4339.118520667551
53.28276289316421,28.02317194376901,1578337908.0,-77.1278152286925 deg,156.83076468210177 deg,457.7228140923214,162.17128402678577,646429.5652823843,20,3942.277818993147
55.51944935496209,27.975694033623547,1578337922.0,-77.12842543124327 deg,156.82693465526725 deg,-638.0457686076037,137.08383597051898,523036.3099801067,17,3604.6934847480097
53.18396665059587,28.01654861804158,1578337934.0,-77.1287229888058 deg,156.8246153826601 deg,453.9337009678518,175.1673682984523,660371.299378314,19,4131.239746352785
55.425634123061016,27.971451315571912,1578337947.0,-77.12932581528179 deg,156.82075484569808 deg,-643.8962967498937,148.66063103746785,569596.3283695317,17,4484.208729139036
53.08368427964006,28.017095656710296,1578337959.0,-77.12963091655718 deg,156.81842031802717 deg,450.9947316760299,184.3020153873142,566973.3562189128,19,3166.5692411306372
55.325108672461766,27.968405271232978,1578337973.0,-77.13023374303317 deg,156.8145292709376 deg,-646.6160160047757,159.7479822298651,478048.51617760723,17,3754.1442128094604
52.984903845463634,28.016740984571396,1578337985.0,-77.13061511962741 deg,156.81169115852424 deg,447.69027461476253,193.79182980213352,633002.8787031636,20,3860.7224186284257
55.224088303943375,27.964733692978886,1578337998.0,-77.13114150314648 deg,156.80828844111335 deg,-649.0660328751296,171.1630600210051,562342.9457469893,17,4353.39762171198
55.12296000246758,27.95949926822554,1578338024.0,-77.13208765237631 deg,156.80175776507747 deg,-651.3306192175684,183.37294668941433,567356.6576460269,17,4460.692526663352
52.79026742503293,28.008756175960503,1578338036.0,-77.13238520993885 deg,156.79940781470472 deg,438.88494907854124,216.75479400668883,628067.850333636,19,3900.400221734086
55.023664950722974,27.95824169933769,1578338049.0,-77.13301837890431 deg,156.79522692140353 deg,-654.3122399232926,193.36333023995417,519355.4294319196,17,3782.1022601679924
52.688622694435644,28.01348425235994,1578338061.0,-77.13327771498838 deg,156.79313647475294 deg,436.8366551547447,223.5770100872861,685525.863793105,19,4817.760101679929
54.922349116685346,27.957371070141107,1578338075.0,-77.13385757504969 deg,156.78921491753582 deg,-656.6342750678739,203.25467638467296,508401.1727508827,16,3747.131373646109
52.58907149115365,28.00947924641857,1578338087.0,-77.13414758889937 deg,156.78686513480113 deg,433.4293901360377,235.0943024354359,627888.5030200044,19,4456.5622154067205
54.83195006653716,27.959922170258945,1578338100.0,-77.13471973760976 deg,156.7829588326478 deg,-664.0267062172746,210.99385695819933,513638.56033377454,17,3742.6678741158266
54.78116825906221,27.962159477424997,1578338103.0,-77.13500204010852 deg,156.78060904991312 deg,-644.9347825921228,211.65475692767552,518492.63834548823,18,3588.549175232096
52.48420768396593,28.010986752636764,1578338113.0,-77.13500204010852 deg,156.78060904991312 deg,432.716013539537,243.73852511310577,612752.7704927891,17,8908.880642821618
54.73282158493992,27.966674256773526,1578338126.0,-77.13555893375514 deg,156.77670274775977 deg,-667.0667034942232,216.64809626979093,532926.8315988319,17,3820.7529226072056
52.39342748055432,28.01556701001609,1578338138.0,-77.1358412362539 deg,156.7743529650251 deg,425.432007358336,250.35410752731616,660836.7343646409,20,4285.91226997679
54.63347174460532,27.962046912374465,1578338151.0,-77.1363830424748 deg,156.77044666287173 deg,-670.476892314847,228.49258580625167,512599.2051116262,17,3729.2830059129083
52.29452940323116,28.01751613707457,1578338164.0,-77.13664992227174 deg,156.7680816250733 deg,421.72099701193474,258.6209565341429,647244.3915630516,19,3803.4456081454464
54.539476457869604,27.965129217206897,1578338177.0,-77.13748928605519 deg,156.76152027127182 deg,-674.8555946608471,235.7116547088035,526114.8431144998,18,3736.069215572503
52.20015102874889,28.020750453717564,1578338189.0,-77.13748928605519 deg,156.76152027127182 deg,416.2031030419105,266.0092878391541,647196.8305758174,20,3805.8955625552608
54.436707449686146,27.96872155458889,1578338202.0,-77.13803092463803 deg,156.7575529488634 deg,-677.552973596636,243.4123899880425,489416.0057505793,16,3579.530086068744
52.100344506191746,28.029298624690046,1578338215.0,-77.13829797207302 deg,156.75517265600118 deg,413.2483355101201,270.6659563526425,643566.5629296503,20,3769.166230796862
54.35741453188309,27.971078475015563,1578338228.0,-77.13910665809087 deg,156.74874859777364 deg,-689.2392075627226,250.68634543454664,519663.5598281375,16,3919.854041639037
52.007844043419006,28.018496019393673,1578338240.0,-77.13910665809087 deg,156.74874859777364 deg,406.0996225948504,285.6506105689724,658634.7803257605,19,4448.218745855438
51.9080104743599,28.00319213219307,1578338266.0,-77.13993831052339 deg,156.74226368692905 deg,402.3632568504495,303.22434713675807,586193.4292067294,19,3765.5861177884617
51.80737444915674,27.98140302281953,1578338292.0,-77.14077750666877 deg,156.73568707806382 deg,398.9418304708263,324.30048914308384,562715.9317017576,18,4491.422094661804
51.71185715749046,27.961214405733323,1578338317.0,-77.14163195787792 deg,156.72906487164533 deg,393.3136558321794,344.3358847568102,586680.2482351065,18,3742.0662708609634
51.56521745188099,27.95974741399182,1578338318.0,-77.14163195787792 deg,156.72906487164533 deg,461.6399423094174,348.8976933306701,518446.9436394775,17,3738.4007681255534
51.611978520073386,27.930320649252433,1578338343.0,-77.14249412043799 deg,156.72239673239747 deg,389.1522936453496,370.3088136617231,589175.2028196828,18,3714.9642331178165
51.50946665439635,27.90760415593862,1578338369.0,-77.14340204818936 deg,156.7154845121293 deg,386.74512707065514,391.8381943557338,603420.596135886,19,3767.971664318082
51.41585402031928,27.882067730500165,1578338394.0,-77.14426404311136 deg,156.70889264820028 deg,379.66347212340065,414.73147440988896,534443.5492360169,19,3238.4101859526963
51.32095920735535,27.852830548476092,1578338420.0,-77.14564504547765 deg,156.6983793946922 deg,375.21096319645176,439.161999415074,575380.510744088,19,3990.483061864501
51.21778145174797,27.82842976991182,1578338445.0,-77.14643093271887 deg,156.69204703448534 deg,372.89720651627795,461.6407828295031,553794.158007984,19,3777.5617463804156
51.12501232299388,27.813443409480332,1578338471.0,-77.14718614219449 deg,156.68582145972485 deg,365.7890229909258,478.7689496005754,568499.7469198994,19,3591.5282666058793
51.02465528207653,27.806342529224295,1578338497.0,-77.14795677437195 deg,156.67915332047698 deg,362.6319382635113,491.76454647083847,579027.7515735492,19,3958.746502680151
50.9266625636256,27.79984820602056,1578338522.0,-77.14862045346494 deg,156.6732328469919 deg,358.1343167818991,504.42871614113506,569739.3539214463,18,4517.082994169983
